NPT Simulation
&cntrl
    imin=0,
    irest=1,
    ntx=5,
    ntt=3,
    gamma_ln=1.0,
    temp0=300,
    cut=10.0,
    nstlim=2000,
    dt=0.0005,
    ntc=2,
    ntf=2,
    ntpr=1,
    ntwx=1,
    ntwr=1,
    ntxo=2,
    ioutfm=1
    iwrap=1,
    barostat=1,
    ntp=3,
    pres0=1.0,
    taup=1.0,
    csurften=3,
    gamma_ten=0.0,
    ninterface=2,
    watnam='WAT',
    owtnm='O',
    ifqnt=1,
    jar=1,
/
&qmmm
    iqmatoms=896,897,898,899,900,901,902,903,904,905,906,907,908,909,930,931,932,933,940,941,942,943,944,945,946,947,948,949,950,951,952,953,954,955,988,989,990,991,992,993,994,995,996,997,998,999,1000,1001,1002,1003,1004,1005,1156,1157,1158,1159,1160,1161,1162,1163,1164,1165,1172,1173,1174,1175,1176,1177,1178,1179,1186,1187,1188,1189,1190,1938,1939,1940,1941,1942,1943,1944,1945,1946,1947,1948,1949,1950,1951,1952,1953,1954,1955,1969,1970,1971,1972,3076,3077,3078,3079,3080,3081,3082,3083,3084,3257,3258,3259,3260,3261,3262,3263,3264,3265,3266,3267,3268,3269,3270,3271,3272,3273,3274,3556,3557,3558,3559,3560,3561,3562,3563,3564,3565,3566,3567,3568,3569,3570,3675,3676,3677,3678,3679,3680,3681,3682,3683,3684,3685,3686,3687,3741,3742,3743,3744,3745,3746,3747,3748,3749,3750,3751,3752,3753,3754,3755,3756,3757,3758,3759,3760,3761,3762,3763,3764,
    qmcharge=+1,
    qm_theory='DFTB3',
    qmshake=0,
    qmcut=10.0,
/
    &wt type='END'
/
DISANG=npt_qmmm_pull.disang
DUMPAVE=npt_qmmm_pull.dat
LISTIN=POUT
LISTOUT=POUT
END
